Ixx = 30469883.00/1000000;
Iyy = 60061378.64/1000000;
Izz = 67624489.73/1000000;
Ixy = -107508.48/1000000;
Iyz = -163163.91/1000000;
Izx = 692935.27/1000000;

Ib = [Ixx Ixy Izx;
    Ixy Iyy Iyz;
    Izx Iyz Izz];

x0 = [1; 1; 1];
dx0 = [1; 1; 1];